21
21
	H	Q	P	R	D	E	A	G	V	Y	S	C	W	F	L	N	K	T	I	M	-
H	2	-2	-2	-2	-2	-2	-2	-2	-2	-2	-2	-2	-2	-2	-2	-2	-2	-2	-2	-2	-3
Q	-2	2	-2	-2	-2	-2	-2	-2	-2	-2	-2	-2	-2	-2	-2	-2	-2	-2	-2	-2	-3
P	-2	-2	2	-2	-2	-2	-2	-2	-2	-2	-2	-2	-2	-2	-2	-2	-2	-2	-2	-2	-3		
R	-2	-2	-2	2	-2	-2	-2	-2	-2	-2	-2	-2	-2	-2	-2	-2	-2	-2	-2	-2	-3
D	-2	-2	-2	-2	2	-2	-2	-2	-2	-2	-2	-2	-2	-2	-2	-2	-2	-2	-2	-2	-3
E	-2	-2	-2	-2	-2	2	-2	-2	-2	-2	-2	-2	-2	-2	-2	-2	-2	-2	-2	-2	-3
A	-2	-2	-2	-2	-2	-2	2	-2	-2	-2	-2	-2	-2	-2	-2	-2	-2	-2	-2	-2	-3
G	-2	-2	-2	-2	-2	-2	-2	2	-2	-2	-2	-2	-2	-2	-2	-2	-2	-2	-2	-2	-3
V	-2	-2	-2	-2	-2	-2	-2	-2	2	-2	-2	-2	-2	-2	-2	-2	-2	-2	-2	-2	-3
Y	-2	-2	-2	-2	-2	-2	-2	-2	-2	2	-2	-2	-2	-2	-2	-2	-2	-2	-2	-2	-3
S	-2	-2	-2	-2	-2	-2	-2	-2	-2	-2	2	-2	-2	-2	-2	-2	-2	-2	-2	-2	-3
C	-2	-2	-2	-2	-2	-2	-2	-2	-2	-2	-2	2	-2	-2	-2	-2	-2	-2	-2	-2	-3
W	-2	-2	-2	-2	-2	-2	-2	-2	-2	-2	-2	-2	2	-2	-2	-2	-2	-2	-2	-2	-3
F	-2	-2	-2	-2	-2	-2	-2	-2	-2	-2	-2	-2	-2	2	-2	-2	-2	-2	-2	-2	-3
L	-2	-2	-2	-2	-2	-2	-2	-2	-2	-2	-2	-2	-2	-2	2	-2	-2	-2	-2	-2	-3
N	-2	-2	-2	-2	-2	-2	-2	-2	-2	-2	-2	-2	-2	-2	-2	2	-2	-2	-2	-2	-3
K	-2	-2	-2	-2	-2	-2	-2	-2	-2	-2	-2	-2	-2	-2	-2	-2	2	-2	-2	-2	-3
T	-2	-2	-2	-2	-2	-2	-2	-2	-2	-2	-2	-2	-2	-2	-2	-2	-2	2	-2	-2	-3
I	-2	-2	-2	-2	-2	-2	-2	-2	-2	-2	-2	-2	-2	-2	-2	-2	-2	-2	2	-2	-3
M	-2	-2	-2	-2	-2	-2	-2	-2	-2	-2	-2	-2	-2	-2	-2	-2	-2	-2	-2	2	-3
-	-3	-3	-3	-3	-3	-3	-3	-3	-3	-3	-3	-3	-3	-3	-3	-3	-3	-3	-3	-3	-3